"hf","hm","C","delta","r","k","sf","sm","F.11","F.12","F.13","F.14","F.22","F.23","F.24","F.33","F.34","F.44","G.11","G.12","G.13","G.14","G.22","G.23","G.24","G.33","G.34","G.44","qHat","ZHat"
0.5,0.5,0,0.8,0,1.1,0.1,0.1,0.44649426,0,2.342e-05,0.45326611,0,0,0,0,1.166e-05,0.10020455,0,0,0,0,0,0,0,0,0,0,0.5,0.0454545454545455
0.5,0.5,0.05,0.78,0,1.1,0.0978473581213307,0.1,0.42748967,0,2.385e-05,0.42888212,0,0,0,0,1.174e-05,0.09359263,0.03178258,0,6.8e-07,0.01214384,0,0,0,5e-07,3.2e-07,0.00607208,0.499999999999999,0.0449342540913822
0.5,0.5,0.1,0.76,0,1.1,0.0951776649746193,0.1,0.40901603,0,2.4e-05,0.40419957,0,0,0,0,1.164e-05,0.08674877,0.06406047,0,1.43e-06,0.02395736,0,0,0,1.07e-06,6.6e-07,0.01197901,0.499999999999999,0.0442739079102717
0.5,0.5,0.15,0.74,0,1.1,0.0919813872957472,0.1,0.39102602,0,2.465e-05,0.37922814,0,0,0,0,1.173e-05,0.07970947,0.09701408,0,2.31e-06,0.0353202,0,0,0,1.75e-06,1.04e-06,0.01766062,0.5,0.0434604765313426
0.5,0.5,0.2,0.72,0,1.1,0.088261253309797,0.1,0.37346157,0,2.37e-05,0.35398332,0,0,0,0,1.102e-05,0.0725204,0.13085142,0,3.1e-06,0.04609402,0,0,0,2.4e-06,1.37e-06,0.0230477,0.500000000000001,0.042480883602379
0.5,0.5,0.25,0.7,0,1.1,0.0840336134453782,0.1,0.35624359,0,2.531e-05,0.32848303,0,0,0,0,1.145e-05,0.06523662,0.16580917,0,4.34e-06,0.05612017,0,0,0,3.43e-06,1.87e-06,0.02806102,0.500000000000001,0.0413223140495869
0.5,0.5,0.3,0.68,0,1.1,0.0793291024478695,0.1,0.33928103,0,2.603e-05,0.30275767,0,0,0,0,1.139e-05,0.05792388,0.20215777,0,5.63e-06,0.065219,0,0,0,4.56e-06,2.36e-06,0.03261068,0.500000000000001,0.0399725902238465
0.5,0.5,0.35,0.66,0,1.1,0.0741924437849561,0.1,0.32245659,0,2.665e-05,0.27684708,0,0,0,0,1.122e-05,0.05065846,0.2402004,0,7.07e-06,0.07318822,0,0,0,5.91e-06,2.86e-06,0.03659554,0.5,0.0384206170942193
0.5,0.5,0.4,0.64,0,1.1,0.0686813186813187,0.1,0.30562515,0,2.849e-05,0.25080754,0,0,0,0,1.146e-05,0.04352735,0.28027268,0,9.1e-06,0.07980338,0,0,0,7.88e-06,3.52e-06,0.03990345,0.5,0.0366568914956012
0.5,0.5,0.45,0.62,0,1.1,0.0628643273516973,0.1,0.2886106,0,2.944e-05,0.22472059,0,0,0,0,1.124e-05,0.03662813,0.3227404,0,1.116e-05,0.08482147,0,0,0,1.009e-05,4.1e-06,0.04241279,0.500000000000001,0.0346740638002776
0.5,0.5,0.5,0.6,0,1.1,0.0568181818181818,0.1,0.27119289,0,3.049e-05,0.19869855,0,0,0,0,1.094e-05,0.03006713,0.36798594,0,1.355e-05,0.08798703,0,0,0,1.291e-05,4.7e-06,0.04399587,0.5,0.0324675324675325
0.5,0.5,0.55,0.58,0,1.1,0.05062436719541,0.1,0.25310262,0,3.245e-05,0.17289739,0,0,0,0,1.085e-05,0.02395669,0.41638884,0,1.678e-05,0.08904614,0,0,0,1.702e-05,5.44e-06,0.04452579,0.499999999999999,0.0300360432519023
0.5,0.5,0.6,0.56,0,1.1,0.0443655723158829,0.1,0.23402047,0,2.961e-05,0.14753092,0,0,0,0,9.13e-06,0.01840986,0.46829958,0,1.768e-05,0.08777028,0,0,0,1.937e-05,5.3e-06,0.04388779,0.5,0.027382256297919
0.5,0.5,0.65,0.54,0,1.1,0.0381222089097048,0.1,0.21356038,0,2.744e-05,0.12287322,0,0,0,0,7.71e-06,0.01353125,0.52397242,0,1.883e-05,0.08398558,0,0,0,2.264e-05,5.15e-06,0.04199537,0.499999999999998,0.0245132371480599
0.5,0.5,0.7,0.52,0,1.1,0.0319693094629156,0.1,0.19129456,0,2.558e-05,0.09926784,0,0,0,0,6.47e-06,0.00940555,0.5835176,0,2.007e-05,0.07761851,0,0,0,2.711e-05,4.97e-06,0.03881174,0.500000000000001,0.0214408233276158
0.5,0.5,0.75,0.5,0,1.1,0.025974025974026,0.1,0.16677488,0,2.466e-05,0.07711165,0,0,0,0,5.55e-06,0.00608325,0.64682869,0,2.206e-05,0.0687383,0,0,0,3.45e-05,4.87e-06,0.03437158,0.499999999999996,0.0181818181818182
0.5,0.5,0.8,0.48,0,1.1,0.0201938610662359,0.1,0.13958511,0,2.203e-05,0.05682045,0,0,0,0,4.35e-06,0.00356807,0.71354613,0,2.239e-05,0.05758838,0,0,0,4.238e-05,4.35e-06,0.02879637,0.499999999999999,0.0147579693034239
0.5,0.5,0.85,0.46,0,1.1,0.0146756677428823,0.1,0.10939576,0,2.015e-05,0.03876954,0,0,0,0,3.45e-06,0.0018111,0.78303996,0,2.323e-05,0.04458262,0,0,0,5.698e-05,3.93e-06,0.02229328,0.499999999999996,0.0111957008508733
0.5,0.5,0.9,0.44,0,1.1,0.0094553706505295,0.1,0.07603064,0,1.909e-05,0.02323104,0,0,0,0,2.8e-06,0.00071643,0.85448644,0,2.491e-05,0.03026249,0,0,0,8.947e-05,3.63e-06,0.01513306,0.499999999999998,0.00752558699578566
0.5,0.5,0,0.8,0,0.975,0.1,0.1,0.55859539,0,6.081e-05,0.38141607,0,0,0,0,2.045e-05,0.05990728,0,0,0,0,0,0,0,0,0,0,0.5,0
0.5,0.5,0.05,0.78,0,0.975,0.0978473581213307,0.1,0.53508796,0,6.038e-05,0.35935652,0,0,0,0,1.997e-05,0.05547516,0.03545762,0,1.63e-06,0.0096926,0,0,0,1.08e-06,5.1e-07,0.00484655,0.499999999999999,0
0.5,0.5,0.1,0.76,0,0.975,0.0951776649746193,0.1,0.51227142,0,6.38e-05,0.33679513,0,0,0,0,2.066e-05,0.05084898,0.07146069,0,3.61e-06,0.01902108,0,0,0,2.42e-06,1.11e-06,0.00951109,0.499999999999999,0
0.5,0.5,0.15,0.74,0,0.975,0.0919813872957472,0.1,0.49008112,0,6.299e-05,0.31376575,0,0,0,0,1.986e-05,0.04607027,0.10820411,0,5.6e-06,0.02785598,0,0,0,3.8e-06,1.68e-06,0.01392883,0.5,0
0.5,0.5,0.2,0.72,0,0.975,0.088261253309797,0.1,0.46841886,0,6.553e-05,0.29030635,0,0,0,0,2e-05,0.04118926,0.14590677,0,8.15e-06,0.0360506,0,0,0,5.62e-06,2.37e-06,0.01802649,0.500000000000001,0
0.5,0.5,0.25,0.7,0,0.975,0.0840336134453782,0.1,0.4471681,0,7.071e-05,0.26647389,0,0,0,0,2.075e-05,0.03626655,0.1848132,0,1.154e-05,0.04344153,0,0,0,8.11e-06,3.23e-06,0.02172238,0.500000000000001,0
0.5,0.5,0.3,0.68,0,0.975,0.0793291024478695,0.1,0.42618501,0,7.44e-05,0.24234706,0,0,0,0,2.084e-05,0.0313727,0.22519248,0,1.533e-05,0.04985001,0,0,0,1.102e-05,4.1e-06,0.02492706,0.500000000000001,0
0.5,0.5,0.35,0.66,0,0.975,0.0741924437849561,0.1,0.40528661,0,7.613e-05,0.21803001,0,0,0,0,2.017e-05,0.02658708,0.26733176,0,1.926e-05,0.05508493,0,0,0,1.425e-05,4.89e-06,0.02754491,0.5,0
0.5,0.5,0.4,0.64,0,0.975,0.0686813186813187,0.1,0.38423278,0,9.17e-05,0.19365687,0,0,0,1e-08,2.275e-05,0.02199589,0.31151872,0,2.795e-05,0.05894796,0,0,0,2.139e-05,6.66e-06,0.02947731,0.5,0
0.5,0.5,0.45,0.62,0,0.975,0.0628643273516973,0.1,0.36276596,0,9.539e-05,0.1694253,0,0,0,1e-08,2.192e-05,0.01769143,0.35804815,0,3.453e-05,0.06125222,0,0,0,2.754e-05,7.64e-06,0.03062993,0.500000000000001,0
0.5,0.5,0.5,0.6,0,0.975,0.0568181818181818,0.1,0.34053905,0,1e-04,0.14557606,0,0,0,1e-08,2.102e-05,0.01376386,0.40715947,0,4.252e-05,0.06183293,0,0,0,3.565e-05,8.64e-06,0.03092079,0.5,0
0.5,0.5,0.55,0.58,0,0.975,0.05062436719541,0.1,0.3171544,0,0.0001078,0.12242142,0,0,0,1e-08,2.045e-05,0.01029592,0.45901361,0,5.341e-05,0.06058045,0,0,0,4.758e-05,9.81e-06,0.03029513,0.499999999999999,0
0.5,0.5,0.6,0.56,0,0.975,0.0443655723158829,0.1,0.29216957,0,0.00011607,0.10034206,0,0,0,1e-08,1.957e-05,0.00735273,0.51364121,0,6.655e-05,0.05747465,0,0,0,6.39e-05,1.091e-05,0.02874278,0.5,0
0.5,0.5,0.65,0.54,0,0.975,0.0381222089097048,0.1,0.26511786,0,0.00012764,0.07976531,0,0,0,2e-08,1.883e-05,0.00497035,0.5708818,0,8.428e-05,0.05261798,0,0,0,8.878e-05,1.212e-05,0.02631505,0.499999999999998,0
0.5,0.5,0.7,0.52,0,0.975,0.0319693094629156,0.1,0.23558677,0,0.00012062,0.06113016,0,0,0,2e-08,1.531e-05,0.00314713,0.63039086,0,9.136e-05,0.0462618,0,0,0,0.00010806,1.134e-05,0.02313657,0.500000000000001,0
0.5,0.5,0.75,0.5,0,0.975,0.025974025974026,0.1,0.20322992,0,0.00011536,0.04480274,0,0,0,2e-08,1.241e-05,0.00183955,0.69156986,0,9.994e-05,0.03878492,0,0,0,0.00013699,1.055e-05,0.01939774,0.499999999999996,0
0.5,0.5,0.8,0.48,0,0.975,0.0201938610662359,0.1,0.16788596,0,0.00011245,0.03102146,0,0,0,2e-08,1.011e-05,0.00097001,0.75370502,0,0.0001112,0.03065619,0,0,0,0.00018473,9.84e-06,0.01533302,0.499999999999999,0
0.5,0.5,0.85,0.46,0,0.975,0.0146756677428823,0.1,0.12958961,0,0.00011806,0.01984186,0,0,0,3e-08,8.76e-06,0.00044169,0.81603377,0,0.00013308,0.02235424,0,0,0,0.00028716,9.76e-06,0.011182,0.499999999999996,0
0.5,0.5,0.9,0.44,0,0.975,0.0094553706505295,0.1,0.08858417,0,0.00011367,0.01113836,0,0,0,4e-08,6.88e-06,0.00015687,0.8779336,0,0.00014596,0.01429654,0,0,0,0.00046247,8.78e-06,0.00715266,0.499999999999998,0
0.5,0.5,0,0.8,0,0.95,0.1,0.1,0.58795142,0,9.021e-05,0.36052393,0,0,0,0,2.727e-05,0.05140717,0,0,0,0,0,0,0,0,0,0,0.5,0
0.5,0.5,0.05,0.78,0,0.95,0.0978473581213307,0.1,0.56332293,0,8.924e-05,0.33911742,0,0,0,0,2.649e-05,0.04744392,0.03641513,0,2.39e-06,0.00905329,0,0,0,1.55e-06,6.7e-07,0.00452698,0.499999999999999,0
0.5,0.5,0.1,0.76,0,0.95,0.0951776649746193,0.1,0.53942625,0,0.00010683,0.31713997,0,0,0,1e-08,3.097e-05,0.04329598,0.07339409,0,5.98e-06,0.01772904,0,0,0,3.91e-06,1.65e-06,0.00886534,0.499999999999999,0
0.5,0.5,0.15,0.74,0,0.95,0.0919813872957472,0.1,0.51621008,0,0.00010819,0.29464362,0,0,0,1e-08,3.045e-05,0.03900766,0.1111389,0,9.52e-06,0.02589431,0,0,0,6.3e-06,2.55e-06,0.01294843,0.5,0
0.5,0.5,0.2,0.72,0,0.95,0.088261253309797,0.1,0.49355731,0,0.00011243,0.27166978,0,0,0,1e-08,3.051e-05,0.03462996,0.14987358,0,1.383e-05,0.03339861,0,0,0,9.3e-06,3.58e-06,0.0167011,0.500000000000001,0
0.5,0.5,0.25,0.7,0,0.95,0.0840336134453782,0.1,0.47133423,0,0.0001232,0.24828575,0,0,0,1e-08,3.2e-05,0.03022481,0.1898459,0,1.99e-05,0.04007545,0,0,0,1.363e-05,4.93e-06,0.02004019,0.500000000000001,0
0.5,0.5,0.3,0.68,0,0.95,0.0793291024478695,0.1,0.44938875,0,0.0001243,0.22459169,0,0,0,1e-08,3.063e-05,0.02586463,0.23132911,0,2.534e-05,0.0457459,0,0,0,1.774e-05,5.97e-06,0.02287594,0.500000000000001,0
0.5,0.5,0.35,0.66,0,0.95,0.0741924437849561,0.1,0.42750336,0,0.00012896,0.20070884,0,0,0,1e-08,2.984e-05,0.02162898,0.27460308,0,3.229e-05,0.05022043,0,0,0,2.324e-05,7.16e-06,0.0251138,0.5,0
0.5,0.5,0.4,0.64,0,0.95,0.0686813186813187,0.1,0.40540516,0,0.00015618,0.17680136,0,0,0,2e-08,3.356e-05,0.01760372,0.31994002,0,4.713e-05,0.0533088,0,0,0,3.507e-05,9.73e-06,0.02665926,0.5,0
0.5,0.5,0.45,0.62,0,0.95,0.0628643273516973,0.1,0.38280497,0,0.00017199,0.15310999,0,0,0,2e-08,3.388e-05,0.01387915,0.36760864,0,6.165e-05,0.05484293,0,0,0,4.777e-05,1.17e-05,0.02742731,0.500000000000001,0
0.5,0.5,0.5,0.6,0,0.95,0.0568181818181818,0.1,0.3593073,0,0.00019413,0.12992422,0,0,0,3e-08,3.456e-05,0.01053976,0.4177953,0,8.177e-05,0.05469018,0,0,0,6.657e-05,1.406e-05,0.02735212,0.5,0
0.5,0.5,0.55,0.58,0,0.95,0.05062436719541,0.1,0.33446601,0,0.00022638,0.10761362,0,0,0,4e-08,3.583e-05,0.00765813,0.47057865,0,0.00011112,0.05279238,0,0,0,9.611e-05,1.704e-05,0.02640471,0.499999999999999,0
0.5,0.5,0.6,0.56,0,0.95,0.0443655723158829,0.1,0.30781311,0,0.00024839,0.0866202,0,0,0,5e-08,3.435e-05,0.0052839,0.52589116,0,0.00014117,0.04920511,0,0,0,0.00013156,1.897e-05,0.02461204,0.5,0
0.5,0.5,0.65,0.54,0,0.95,0.0381222089097048,0.1,0.27883578,0,0.00029645,0.06740115,0,0,0,8e-08,3.516e-05,0.00343138,0.58340072,0,0.00019411,0.04411537,0,0,0,0.00019844,2.244e-05,0.02206891,0.499999999999998,0
0.5,0.5,0.7,0.52,0,0.95,0.0319693094629156,0.1,0.24715928,0,0.00032894,0.05040297,0,0,0,1.1e-07,3.285e-05,0.00207585,0.6426303,0,0.00024722,0.03786825,0,0,0,0.00028388,2.415e-05,0.0189462,0.500000000000001,0
0.5,0.5,0.75,0.5,0,0.95,0.025974025974026,0.1,0.21251105,0,0.00036381,0.03594136,0,0,0,1.6e-07,3.005e-05,0.00115357,0.70286609,0,0.00031297,0.03091076,0,0,0,0.00041674,2.537e-05,0.01546807,0.499999999999996,0
0.5,0.5,0.8,0.48,0,0.95,0.0201938610662359,0.1,0.17480236,0,0.00044761,0.02414402,0,0,0,2.9e-07,3.009e-05,0.00057564,0.76321911,0,0.00043991,0.02372436,0,0,0,0.00071076,2.913e-05,0.01187674,0.499999999999999,0
0.5,0.5,0.85,0.46,0,0.95,0.0146756677428823,0.1,0.13424066,0,0.00053684,0.01494594,0,0,0,5.4e-07,2.896e-05,0.00024706,0.82294395,0,0.00060208,0.01676035,0,0,0,0.00126529,3.211e-05,0.00839623,0.499999999999996,0
0.5,0.5,0.9,0.44,0,0.95,0.0094553706505295,0.1,0.08641784,0,0.0056882,0.00748868,0,0,0,9.337e-05,0.0002375,7.44e-05,0.85468805,0,0.00727683,0.00957957,0,0,0,0.02321372,0.00030136,0.00494047,0.499999999999998,0
0.5,0.5,0,0.8,0,0.925,0.1,0.1,0.62035379,0,0.00019591,0.33649674,0,0,0,2e-08,5.245e-05,0.04290109,0,0,0,0,0,0,0,0,0,0,0.5,0
0.5,0.5,0.05,0.78,0,0.925,0.0978473581213307,0.1,0.59451772,0,0.00020209,0.31581445,0,0,0,2e-08,5.299e-05,0.03941274,0.03747251,0,5.34e-06,0.00834452,0,0,0,3.37e-06,1.33e-06,0.00417293,0.499999999999999,0
0.5,0.5,0.1,0.76,0,0.925,0.0951776649746193,0.1,0.56949149,0,0.00021015,0.29449243,0,0,0,2e-08,5.364e-05,0.03575227,0.07553484,0,1.163e-05,0.01629459,0,0,0,7.41e-06,2.82e-06,0.00814871,0.499999999999999,0
0.5,0.5,0.15,0.74,0,0.925,0.0919813872957472,0.1,0.54517089,0,0.00024229,0.27256469,0,0,0,3e-08,5.979e-05,0.03196232,0.11439225,0,2.109e-05,0.02371043,0,0,0,1.359e-05,4.95e-06,0.01185769,0.5,0
0.5,0.5,0.2,0.72,0,0.925,0.088261253309797,0.1,0.52148235,0,0.00024661,0.25011335,0,0,0,3e-08,5.838e-05,0.02809928,0.15428272,0,3.002e-05,0.03043831,0,0,0,1.964e-05,6.77e-06,0.01522254,0.500000000000001,0
0.5,0.5,0.25,0.7,0,0.925,0.0840336134453782,0.1,0.49823553,0,0.00027917,0.22719826,0,0,0,4e-08,6.283e-05,0.02422417,0.19545338,0,4.463e-05,0.03630527,0,0,0,2.972e-05,9.58e-06,0.01815743,0.500000000000001,0
0.5,0.5,0.3,0.68,0,0.925,0.0793291024478695,0.1,0.47522946,0,0.00035748,0.20392761,0,0,0,7e-08,7.571e-05,0.02040967,0.23816699,0,7.212e-05,0.04112659,0,0,0,4.909e-05,1.46e-05,0.0205706,0.500000000000001,0
0.5,0.5,0.35,0.66,0,0.925,0.0741924437849561,0.1,0.45224591,0,0.00045715,0.18046843,0,0,0,1.2e-07,9.001e-05,0.01673838,0.28270125,0,0.0001133,0.04471609,0,0,0,7.923e-05,2.138e-05,0.02236874,0.5,0
0.5,0.5,0.4,0.64,0,0.925,0.0686813186813187,0.1,0.4289737,0,0.00059519,0.1570274,0,0,0,2.1e-07,0.00010748,0.01329604,0.32930762,0,0.00017778,0.04689324,0,0,0,0.00012848,3.084e-05,0.02346204,0.5,0
0.5,0.5,0.45,0.62,0,0.925,0.0628643273516973,0.1,0.40491553,0,0.00093291,0.13383474,0,0,0,5.4e-07,0.00015205,0.01016424,0.37810795,0,0.00033107,0.04748924,0,0,0,0.00024914,5.198e-05,0.02377061,0.500000000000001,0
0.5,0.5,0.5,0.6,0,0.925,0.0568181818181818,0.1,0.37744715,0,0.00416563,0.11042004,0,0,0,1.147e-05,0.00060058,0.00735514,0.42743484,0,0.00173757,0.04605558,0,0,0,0.0013812,0.00024201,0.0231488,0.5,0
0.5,0.5,0.55,0.58,0,0.925,0.05062436719541,0.1,0.11865985,0,0.22172588,0.00324763,0,0,0,0.10334659,0.00299916,2.089e-05,0.23470529,0,0.107824,0.00157936,0,0,0,0.20298193,0.00141315,0.00149626,0.499999999999999,0
0.5,0.5,0.6,0.56,0,0.925,0.0443655723158829,0.1,0.09823297,0,0.20007654,1.919e-05,0,0,0,0.10165201,1.929e-05,0,0.24805592,0,0.11282369,1.083e-05,0,0,0,0.23908828,1.058e-05,1.07e-05,0.5,0
0.5,0.5,0.65,0.54,0,0.925,0.0381222089097048,0.1,0.08566931,0,0.17507392,3.61e-06,0,0,0,0.08924955,3.63e-06,0,0.27232247,0,0.11391063,2.35e-06,0,0,0,0.26375992,2.3e-06,2.33e-06,0.499999999999998,0
0.5,0.5,0.7,0.52,0,0.925,0.0319693094629156,0.1,0.07319816,0,0.15005941,1.8e-06,0,0,0,0.07673883,1.81e-06,0,0.29794445,0,0.1122227,1.35e-06,0,0,0,0.28982884,1.33e-06,1.34e-06,0.500000000000001,0
0.5,0.5,0.75,0.5,0,0.925,0.025974025974026,0.1,0.0607887,0,0.12504508,1.12e-06,0,0,0,0.06416397,1.13e-06,0,0.32515541,0,0.10718043,9.6e-07,0,0,0,0.3176613,9.5e-07,9.6e-07,0.499999999999996,0
0.5,0.5,0.8,0.48,0,0.925,0.0201938610662359,0.1,0.04844837,0,0.10003189,7.8e-07,0,0,0,0.05151817,7.9e-07,0,0.35431002,0,0.09806957,7.7e-07,0,0,0,0.34761812,7.7e-07,7.7e-07,0.499999999999999,0
0.5,0.5,0.85,0.46,0,0.925,0.0146756677428823,0.1,0.03618919,0,0.07502045,5e-07,0,0,0,0.03878936,5e-07,0,0.38585878,0,0.08401426,5.6e-07,0,0,0,0.38012529,5.6e-07,5.6e-07,0.499999999999996,0
0.5,0.5,0.9,0.44,0,0.925,0.0094553706505295,0.1,0.0241056,0,0.05000294,1.183e-05,0,0,0,0.0258678,1.183e-05,0,0.42116117,0,0.06392412,1.528e-05,0,0,0,0.41486906,1.515e-05,1.522e-05,0.499999999999998,0
0.5,0.5,0,0.8,0,0.9,0.1,0.1,0.25065117,0,0.49034087,0.01000604,0,0,0,0.23914708,0.00975536,9.948e-05,0,0,0,0,0,0,0,0,0,0,0.5,0
0.5,0.5,0.05,0.78,0,0.9,0.0978473581213307,0.1,0.23844917,0,0.46599638,0.00932937,0,0,0,0.22704993,0.0090843,9.085e-05,0.01949752,0,0.01219253,0.0002441,0,0,0,0.01760571,0.00022539,0.00023475,0.499999999999999,0
0.5,0.5,0.1,0.76,0,0.9,0.0951776649746193,0.1,0.22524396,0,0.44622649,0.00407839,0,0,0,0.22040727,0.0040255,1.838e-05,0.03900243,0,0.02446403,0.0002236,0,0,0,0.03588383,0.00020953,0.00021657,0.499999999999999,0
0.5,0.5,0.15,0.74,0,0.9,0.0919813872957472,0.1,0.21229663,0,0.4236386,0.00164434,0,0,0,0.21078286,0.0016344,3.17e-06,0.05858266,0,0.03654135,0.00014184,0,0,0,0.05446216,0.00013404,0.00013794,0.5,0
0.5,0.5,0.2,0.72,0,0.9,0.088261253309797,0.1,0.19949084,0,0.3995464,0.00071433,0,0,0,0.19953548,0.00071231,6.4e-07,0.07828997,0,0.04825406,8.628e-05,0,0,0,0.07320364,8.194e-05,8.411e-05,0.500000000000001,0
0.5,0.5,0.25,0.7,0,0.9,0.0840336134453782,0.1,0.18672361,0,0.37492846,0.00030996,0,0,0,0.18772814,0.0003097,1.3e-07,0.09815976,0,0.059512,4.921e-05,0,0,0,0.09218405,4.691e-05,4.806e-05,0.500000000000001,0
0.5,0.5,0.3,0.68,0,0.9,0.0793291024478695,0.1,0.17399315,0,0.35007914,0.0001371,0,0,0,0.1756534,0.00013718,3e-08,0.11824819,0,0.07020243,2.75e-05,0,0,0,0.11146866,2.631e-05,2.691e-05,0.500000000000001,0
0.5,0.5,0.35,0.66,0,0.9,0.0741924437849561,0.1,0.16129245,0,0.32513631,5.809e-05,0,0,0,0.16345495,5.818e-05,1e-08,0.13861915,0,0.08019486,1.434e-05,0,0,0,0.13114384,1.376e-05,1.405e-05,0.5,0
0.5,0.5,0.4,0.64,0,0.9,0.0686813186813187,0.1,0.14860968,0,0.30015691,1.606e-05,0,0,0,0.15120124,1.61e-05,0,0.15934317,0,0.0893313,4.79e-06,0,0,0,0.15131144,4.61e-06,4.7e-06,0.5,0
0.5,0.5,0.45,0.62,0,0.9,0.0628643273516973,0.1,0.13595906,0,0.27514863,3.61e-06,0,0,0,0.13888509,3.62e-06,0,0.18052089,0,0.09741556,1.28e-06,0,0,0,0.17205978,1.24e-06,1.26e-06,0.500000000000001,0
0.5,0.5,0.5,0.6,0,0.9,0.0568181818181818,0.1,0.12333897,0,0.25013034,1.94e-06,0,0,0,0.1265268,1.95e-06,0,0.20226273,0,0.10421946,8.1e-07,0,0,0,0.19351542,7.9e-07,8e-07,0.5,0
0.5,0.5,0.55,0.58,0,0.9,0.05062436719541,0.1,0.11074349,0,0.2251118,1.28e-06,0,0,0,0.11414214,1.29e-06,0,0.22469293,0,0.10946925,6.2e-07,0,0,0,0.21583597,6.1e-07,6.2e-07,0.499999999999999,0
0.5,0.5,0.6,0.56,0,0.9,0.0443655723158829,0.1,0.09817498,0,0.20009379,8.2e-07,0,0,0,0.10172959,8.2e-07,0,0.24796512,0,0.11283344,4.6e-07,0,0,0,0.23920007,4.5e-07,4.6e-07,0.5,0
0.5,0.5,0.65,0.54,0,0.9,0.0381222089097048,0.1,0.08565813,0,0.17507667,6e-07,0,0,0,0.08926401,6e-07,0,0.27230076,0,0.11391241,3.9e-07,0,0,0,0.26378567,3.8e-07,3.9e-07,0.499999999999998,0
0.5,0.5,0.7,0.52,0,0.9,0.0319693094629156,0.1,0.07319089,0,0.15006056,4.7e-07,0,0,0,0.07674762,4.7e-07,0,0.29792681,0,0.11222357,3.5e-07,0,0,0,0.28984858,3.5e-07,3.5e-07,0.500000000000001,0
0.5,0.5,0.75,0.5,0,0.9,0.025974025974026,0.1,0.06079792,0,0.12503338,1.319e-05,0,0,0,0.06414223,1.328e-05,0,0.3251902,0,0.10717137,1.142e-05,0,0,0,0.31760437,1.128e-05,1.135e-05,0.499999999999996,0
0.5,0.5,0.8,0.48,0,0.9,0.0201938610662359,0.1,0.04836053,0,0.10002713,2.74e-06,0,0,0,0.05160684,2.77e-06,0,0.35395519,0,0.09806646,2.73e-06,0,0,0,0.3479702,2.71e-06,2.72e-06,0.499999999999999,0
0.5,0.5,0.85,0.46,0,0.9,0.0146756677428823,0.1,0.03607653,0,0.07501656,2.3e-07,0,0,0,0.03890645,2.3e-07,0,0.38520914,0,0.08401138,2.6e-07,0,0,0,0.3807787,2.6e-07,2.6e-07,0.499999999999996,0
0.5,0.5,0.9,0.44,0,0.9,0.0094553706505295,0.1,0.02392048,0,0.05000692,2.3e-07,0,0,0,0.02607215,2.3e-07,0,0.41942819,0,0.06392984,3e-07,0,0,0,0.41664109,3e-07,3e-07,0.499999999999998,0
0.5,0.5,0,0.8,0.005,1.1,0.1,0.1,0.26037797,0.06614926,0.21181501,0.22695586,0.00388251,0.02651488,0.02627233,0.04295748,0.09074524,0.04432945,0,0,0,0,0,0,0,0,0,0,0.5,0.0454545454545455
0.5,0.5,0.05,0.78,0.005,1.1,0.0978473581213307,0.1,0.24901426,0.06139635,0.20224437,0.2159741,0.0034922,0.02456879,0.02422849,0.04095157,0.0862138,0.04191606,0.02154491,0.00183892,0.00568759,0.00597718,0.00124279,0.0006801,3.345e-05,0.00654448,0.00231913,0.00413143,0.499999999999999,0.0449342540913822
0.5,0.5,0.1,0.76,0.005,1.1,0.0951776649746193,0.1,0.23800375,0.05650201,0.19279956,0.20497901,0.00308857,0.02254983,0.02209865,0.03893903,0.08160979,0.03942978,0.04345025,0.00354362,0.01135703,0.01188165,0.00239237,0.00130741,6.627e-05,0.01318766,0.00460404,0.00820971,0.499999999999999,0.0442739079102717
0.5,0.5,0.15,0.74,0.005,1.1,0.0919813872957472,0.1,0.2273694,0.0515293,0.18344537,0.19392929,0.00268243,0.02048062,0.01990993,0.0369025,0.07689687,0.03685428,0.06587127,0.00508016,0.01699288,0.01767541,0.00342455,0.00186713,9.82e-05,0.01995341,0.00683226,0.01220473,0.5,0.0434604765313426
0.5,0.5,0.2,0.72,0.005,1.1,0.088261253309797,0.1,0.21712953,0.04654649,0.17414032,0.18277951,0.00228485,0.01838756,0.01769419,0.03482359,0.07203884,0.03417512,0.08900239,0.00641854,0.02257115,0.02330748,0.00431748,0.00234533,0.00012891,0.02686125,0.00897213,0.01607535,0.500000000000001,0.042480883602379
0.5,0.5,0.25,0.7,0.005,1.1,0.0840336134453782,0.1,0.20731291,0.04162811,0.16482215,0.17149082,0.00190653,0.01629882,0.01548805,0.03267532,0.06699473,0.03138256,0.11309209,0.00753516,0.02805386,0.02871226,0.0050534,0.00272962,0.000158,0.03391865,0.01097989,0.01976707,0.500000000000001,0.0413223140495869
0.5,0.5,0.3,0.68,0.005,1.1,0.0793291024478695,0.1,0.19791435,0.03684011,0.1554355,0.16001959,0.00155634,0.01424535,0.01332922,0.03044112,0.0617427,0.02847572,0.13844301,0.00841283,0.03338811,0.0338055,0.00561909,0.00301036,0.000185,0.0411243,0.01280103,0.02321076,0.500000000000001,0.0399725902238465
0.5,0.5,0.35,0.66,0.005,1.1,0.0741924437849561,0.1,0.1889262,0.03224602,0.14590377,0.14833605,0.00124128,0.01225735,0.01125664,0.02809966,0.05626765,0.02546539,0.16543336,0.00904267,0.03849681,0.03848445,0.0060072,0.00318111,0.00020937,0.04845486,0.01436842,0.02632175,0.5,0.0384206170942193
0.5,0.5,0.4,0.64,0.005,1.1,0.0686813186813187,0.1,0.18030522,0.02789742,0.13614703,0.13641883,0.00096572,0.0103642,0.00930704,0.02563838,0.05057886,0.0223773,0.19451872,0.00942291,0.04327462,0.04262554,0.00621602,0.0032396,0.00023047,0.05586488,0.01560648,0.02900077,0.5,0.0366568914956012
0.5,0.5,0.45,0.62,0.005,1.1,0.0628643273516973,0.1,0.1719657,0.02383334,0.12608142,0.1242602,0.00073144,0.00859287,0.00751301,0.02305494,0.04471358,0.0192535,0.22623807,0.00955801,0.04758072,0.04608415,0.00624928,0.00318815,0.00024759,0.0632814,0.01643624,0.0311364,0.500000000000001,0.0346740638002776
0.5,0.5,0.5,0.6,0.005,1.1,0.0568181818181818,0.1,0.16377128,0.02008074,0.11561868,0.1118736,0.00053796,0.00696653,0.00590135,0.02035827,0.03873907,0.01615251,0.26121766,0.00945757,0.05122966,0.04869735,0.00611576,0.0030339,0.00025995,0.0705951,0.01678291,0.03261015,0.5,0.0324675324675325
0.5,0.5,0.55,0.58,0.005,1.1,0.05062436719541,0.1,0.15549843,0.0166525,0.10469135,0.09929063,0.0003828,0.00550458,0.00449094,0.01758061,0.03276176,0.0131464,0.30013805,0.00913358,0.05399293,0.0502845,0.00582808,0.00278927,0.0002667,0.07767279,0.01659014,0.03330397,0.499999999999999,0.0300360432519023
0.5,0.5,0.6,0.56,0.005,1.1,0.0443655723158829,0.1,0.14683655,0.01355349,0.09325344,0.08657541,0.00026224,0.00422125,0.00329261,0.0147722,0.02691697,0.01031585,0.34371199,0.00860094,0.05559516,0.05065795,0.00540278,0.00247159,0.00026698,0.08435044,0.01583112,0.03311105,0.5,0.027382256297919
0.5,0.5,0.65,0.54,0.005,1.1,0.0381222089097048,0.1,0.13736206,0.01078186,0.08131075,0.07382814,0.00017173,0.00312525,0.00230832,0.01200563,0.021364,0.00774227,0.39260702,0.00787675,0.05573058,0.04963516,0.00485977,0.00210277,0.00025998,0.09045522,0.01452345,0.03194931,0.499999999999998,0.0245132371480599
0.5,0.5,0.7,0.52,0.005,1.1,0.0319693094629156,0.1,0.12654592,0.00833365,0.06893637,0.06119588,0.00010642,0.00221874,0.00153132,0.00936708,0.01626641,0.0054982,0.44736655,0.00698243,0.05408566,0.04706209,0.00422264,0.00170793,0.00024507,0.09581503,0.01273607,0.02977654,0.500000000000001,0.0214408233276158
0.5,0.5,0.75,0.5,0.005,1.1,0.025974025974026,0.1,0.11375951,0.00620336,0.05630099,0.04887094,6.145e-05,0.00149672,0.00094647,0.00695012,0.0117733,0.00363714,0.50827375,0.00594469,0.05039039,0.04283859,0.00351817,0.00131353,0.00022186,0.10030403,0.01059108,0.0266039,0.499999999999996,0.0181818181818182
0.5,0.5,0.8,0.48,0.005,1.1,0.0201938610662359,0.1,0.09834405,0.0043863,0.04366091,0.03708852,3.225e-05,0.0009463,0.00053152,0.00483469,0.00799004,0.00218541,0.57529463,0.00479887,0.04445889,0.03695135,0.00277633,0.00094422,0.00019043,0.10383462,0.0082468,0.02250386,0.499999999999999,0.0147579693034239
0.5,0.5,0.85,0.46,0.005,1.1,0.0146756677428823,0.1,0.07966517,0.00287452,0.03135773,0.02609953,1.469e-05,0.00054755,0.00025889,0.00307839,0.00496517,0.00113836,0.64797162,0.00358682,0.0362538,0.02948922,0.00202769,0.00061987,0.0001513,0.10641428,0.00587763,0.01760777,0.499999999999996,0.0111957008508733
0.5,0.5,0.9,0.44,0.005,1.1,0.0094553706505295,0.1,0.05721633,0.00165461,0.01976198,0.01614242,5.23e-06,0.00027508,9.848e-05,0.00170218,0.00268086,0.00046284,0.72548351,0.00235419,0.02590144,0.02064868,0.00130071,0.00035277,0.00010553,0.10811823,0.00364225,0.0120927,0.499999999999998,0.00752558699578566
0.5,0.5,0,0.8,0.005,0.975,0.1,0.1,0.24828327,0.00154237,0.49720106,0.00159568,2.4e-06,0.00154409,4.96e-06,0.24823058,0.00159304,2.56e-06,0,0,0,0,0,0,0,0,0,0,0.5,0
0.5,0.5,0.05,0.78,0.005,0.975,0.0978473581213307,0.1,0.23639433,0.00071656,0.47378391,0.00082178,5.4e-07,0.00071779,1.24e-06,0.23674218,0.00082095,7.1e-07,0.01938439,1.992e-05,0.01239669,2.129e-05,1.916e-05,1.859e-05,2e-07,0.01809835,2.057e-05,2.083e-05,0.499999999999999,0
0.5,0.5,0.1,0.76,0.005,0.975,0.0951776649746193,0.1,0.2238894,0.00050963,0.44911576,0.00067581,2.9e-07,0.00051076,7.7e-07,0.22462157,0.00067551,5.1e-07,0.03884623,2.969e-05,0.02462376,3.668e-05,2.854e-05,2.772e-05,3.2e-07,0.03633563,3.549e-05,3.593e-05,0.499999999999999,0
0.5,0.5,0.15,0.74,0.005,0.975,0.0919813872957472,0.1,0.21067662,0.00080344,0.42319102,0.00128108,7.7e-07,0.0008059,2.44e-06,0.21195512,0.00128167,1.94e-06,0.05828988,7.365e-05,0.0365077,0.00010939,7.079e-05,6.882e-05,9e-07,0.05466555,0.00010604,0.00010727,0.5,0
0.5,0.5,0.2,0.72,0.005,0.975,0.088261253309797,0.1,0.18788817,0.01825124,0.32507069,0.05683146,0.00043631,0.01568787,0.0027005,0.14023745,0.04872796,0.00416835,0.07609785,0.00237976,0.03972178,0.00686503,0.00211547,0.0018952,4.402e-05,0.0589063,0.00570939,0.0062652,0.500000000000001,0
0.5,0.5,0.25,0.7,0.005,0.975,0.0840336134453782,0.1,0.17943995,0.01609494,0.30310451,0.05615733,0.00035396,0.01349828,0.0024535,0.12767215,0.04698379,0.00424158,0.09683149,0.0027619,0.0487288,0.00892318,0.00242567,0.00214505,5.562e-05,0.07280989,0.00725641,0.00806199,0.500000000000001,0
0.5,0.5,0.3,0.68,0.005,0.975,0.0793291024478695,0.1,0.17152034,0.01389124,0.28247908,0.05412178,0.00027466,0.01135129,0.00212471,0.11601424,0.04412295,0.00409971,0.11875812,0.00301481,0.05741278,0.01086997,0.00261442,0.00228011,6.608e-05,0.08663064,0.00863409,0.00971899,0.500000000000001,0
0.5,0.5,0.35,0.66,0.005,0.975,0.0741924437849561,0.1,0.16411872,0.01177,0.26265369,0.05108143,0.000205,0.00933965,0.00176545,0.10483045,0.0404429,0.00379272,0.14225508,0.00314471,0.06568418,0.01262065,0.00268878,0.00230788,7.502e-05,0.10030837,0.00976167,0.01115366,0.5,0
0.5,0.5,0.4,0.64,0.005,0.975,0.0686813186813187,0.1,0.15717249,0.00980446,0.24323748,0.04728392,0.00014756,0.00751735,0.00141121,0.09388298,0.03617558,0.00336698,0.16776785,0.00316333,0.0734025,0.01409395,0.00266117,0.00224109,8.208e-05,0.11373346,0.01056576,0.01228881,0.5,0
0.5,0.5,0.45,0.62,0.005,0.975,0.0628643273516973,0.1,0.15055691,0.00803379,0.22390847,0.04293426,0.00010255,0.005914,0.00108598,0.08305489,0.03153992,0.00286922,0.19580254,0.00308585,0.08036428,0.01521667,0.00254766,0.00209646,8.7e-05,0.12675031,0.0109896,0.01305964,0.500000000000001,0
0.5,0.5,0.5,0.6,0.005,0.975,0.0568181818181818,0.1,0.14407677,0.00647451,0.20439268,0.03821839,6.882e-05,0.0045415,0.00080422,0.07232387,0.02675433,0.00234491,0.22691099,0.00292909,0.08629274,0.01592837,0.00236639,0.00189324,8.955e-05,0.13916684,0.01100226,0.01342054,0.5,0
0.5,0.5,0.55,0.58,0.005,0.975,0.05062436719541,0.1,0.13743099,0.00512576,0.18448779,0.03330044,4.453e-05,0.00339779,0.00057211,0.06177494,0.02203172,0.00183394,0.26163116,0.00270902,0.09084142,0.01618088,0.00213546,0.00165149,8.961e-05,0.15080739,0.0106053,0.01334828,0.499999999999999,0
0.5,0.5,0.6,0.56,0.005,0.975,0.0443655723158829,0.1,0.1302471,0.00397829,0.16406408,0.02833785,2.771e-05,0.00247063,0.00038983,0.05155052,0.01756576,0.00136823,0.30047124,0.00244115,0.09359465,0.01594632,0.0018724,0.00139078,8.712e-05,0.16151405,0.00983513,0.01284717,0.5,0
0.5,0.5,0.65,0.54,0.005,0.975,0.0381222089097048,0.1,0.12206899,0.00301694,0.14310155,0.02347163,1.651e-05,0.0017403,0.00025319,0.04184697,0.01351501,0.0009689,0.34383168,0.00213949,0.09409407,0.01521623,0.00159303,0.0011287,8.213e-05,0.17120834,0.00875952,0.01194681,0.499999999999998,0
0.5,0.5,0.7,0.52,0.005,0.975,0.0319693094629156,0.1,0.11239853,0.00222397,0.12169669,0.01882937,9.34e-06,0.001182,0.00015552,0.03286833,0.00999005,0.0006462,0.39197245,0.00181677,0.09186671,0.01400602,0.00131083,0.00087969,7.48e-05,0.17990428,0.00746855,0.01069988,0.500000000000001,0
0.5,0.5,0.75,0.5,0.005,0.975,0.025974025974026,0.1,0.10073885,0.00158124,0.10005864,0.01452064,4.95e-06,0.00076863,8.917e-05,0.02479046,0.00704668,0.00040072,0.44499437,0.00148482,0.08645906,0.01235528,0.00103695,0.00065446,6.537e-05,0.18771255,0.00606147,0.00917568,0.499999999999996,0
0.5,0.5,0.8,0.48,0.005,0.975,0.0201938610662359,0.1,0.08663623,0.00107069,0.07848824,0.01063184,2.4e-06,0.00047293,4.665e-05,0.01773634,0.0046888,0.00022586,0.50283815,0.00115444,0.07746804,0.01032518,0.00077996,0.00045968,5.419e-05,0.19483452,0.00463356,0.00745227,0.499999999999999,0
0.5,0.5,0.85,0.46,0.005,0.975,0.0146756677428823,0.1,0.06971576,0.00067439,0.05734461,0.00722053,1.02e-06,0.00026917,2.129e-05,0.01176465,0.00287793,0.00011064,0.56529667,0.0008348,0.06456288,0.00799157,0.00054569,0.00029824,4.166e-05,0.20155574,0.0032652,0.00560756,0.499999999999996,0
0.5,0.5,0.9,0.44,0.005,0.975,0.0094553706505295,0.1,0.04970515,0.00037461,0.0370034,0.00431445,3.4e-07,0.00013451,7.64e-06,0.00687009,0.00154736,4.245e-05,0.63201382,0.00053279,0.04749044,0.00543743,0.00033718,0.00016975,2.818e-05,0.20826181,0.00201598,0.00371262,0.499999999999998,0
0.5,0.5,0,0.8,0.005,0.95,0.1,0.1,0.24876711,0.00105937,0.49819832,0.00108449,1.13e-06,0.00106067,2.31e-06,0.24874262,0.00108281,1.18e-06,0,0,0,0,0,0,0,0,0,0,0.5,0
0.5,0.5,0.05,0.78,0.005,0.95,0.0978473581213307,0.1,0.23681569,0.00033886,0.47459988,0.00038516,1.2e-07,0.00033944,2.8e-07,0.23713565,0.00038477,1.6e-07,0.01940732,9.42e-06,0.01241779,9.98e-06,9.06e-06,8.79e-06,9e-08,0.01811814,9.64e-06,9.76e-06,0.499999999999999,0
0.5,0.5,0.1,0.76,0.005,0.95,0.0951776649746193,0.1,0.22431266,0.00017791,0.44989176,0.00023309,4e-08,0.00017828,9e-08,0.22497315,0.00023296,6e-08,0.03889446,1.036e-05,0.02466553,1.265e-05,9.97e-06,9.68e-06,1.1e-07,0.0363726,1.224e-05,1.239e-05,0.499999999999999,0
0.5,0.5,0.15,0.74,0.005,0.95,0.0919813872957472,0.1,0.21168228,0.00012541,0.42495953,0.00019599,2e-08,0.00012574,6e-08,0.21271494,0.00019599,5e-08,0.05847021,1.15e-05,0.03665625,1.674e-05,1.105e-05,1.074e-05,1.4e-07,0.05479075,1.622e-05,1.641e-05,0.5,0
0.5,0.5,0.2,0.72,0.005,0.95,0.088261253309797,0.1,0.19901409,0.00010059,0.39996719,0.000191,1e-08,0.0001009,5e-08,0.20043501,0.00019112,5e-08,0.07816729,1.292e-05,0.04830646,2.284e-05,1.24e-05,1.207e-05,1.8e-07,0.07342126,2.217e-05,2.242e-05,0.500000000000001,0
0.5,0.5,0.25,0.7,0.005,0.95,0.0840336134453782,0.1,0.18631618,9.539e-05,0.3749186,0.00022245,1e-08,9.574e-05,6e-08,0.18812877,0.00022273,7e-08,0.09802151,1.611e-05,0.05951306,3.495e-05,1.545e-05,1.504e-05,2.5e-07,0.09231527,3.401e-05,3.436e-05,0.500000000000001,0
0.5,0.5,0.3,0.68,0.005,0.95,0.0793291024478695,0.1,0.17358953,0.00011042,0.34978782,0.00031577,2e-08,0.0001109,1e-07,0.17576892,0.00031637,1.4e-07,0.11807491,2.358e-05,0.07014878,6.267e-05,2.258e-05,2.201e-05,4.3e-07,0.11152221,6.113e-05,6.169e-05,0.500000000000001,0
0.5,0.5,0.35,0.66,0.005,0.95,0.0741924437849561,0.1,0.16067203,0.00022836,0.32415842,0.00080388,8e-08,0.0002294,5.6e-07,0.16310058,0.0008057,9.9e-07,0.13829494,6.008e-05,0.07996815,0.00019619,5.74e-05,5.599e-05,1.27e-06,0.13098071,0.00019187,0.0001934,0.5,0
0.5,0.5,0.4,0.64,0.005,0.95,0.0686813186813187,0.1,0.14679885,0.00117942,0.29381549,0.00516753,2.34e-06,0.00117367,2.038e-05,0.14666697,0.00513104,4.431e-05,0.15829098,0.00037575,0.08755482,0.00152275,0.00035613,0.00034589,9.39e-06,0.14856873,0.00147924,0.0014963,0.5,0
0.5,0.5,0.45,0.62,0.005,0.95,0.0628643273516973,0.1,0.13554498,0.00148163,0.26591819,0.00777928,3.96e-06,0.00144307,4.133e-05,0.13011916,0.00756083,0.00010758,0.18059424,0.00056355,0.09434969,0.00272839,0.00052675,0.0005062,1.625e-05,0.16545569,0.00260211,0.00265712,0.500000000000001,0
0.5,0.5,0.5,0.6,0.005,0.95,0.0568181818181818,0.1,0.12577195,0.00138155,0.24033838,0.00846203,3.67e-06,0.00130868,4.462e-05,0.11455439,0.00799941,0.00013532,0.20540719,0.00062053,0.10039738,0.00349296,0.00057028,0.0005403,2.027e-05,0.1823384,0.0032509,0.00336179,0.5,0
0.5,0.5,0.55,0.58,0.005,0.95,0.05062436719541,0.1,0.11609885,0.00109961,0.21626973,0.00774365,2.48e-06,0.00101375,3.465e-05,0.10049168,0.00712496,0.00012064,0.23220526,0.0005785,0.10544038,0.00372916,0.00052281,0.00048831,2.119e-05,0.20007514,0.00339018,0.00354907,0.499999999999999,0
0.5,0.5,0.6,0.56,0.005,0.95,0.0443655723158829,0.1,0.10581273,0.00079444,0.19280928,0.00638321,1.39e-06,0.0007151,2.215e-05,0.087639,0.00573485,8.785e-05,0.26056098,0.0004867,0.10897725,0.0035622,0.00043299,0.00039918,1.991e-05,0.21902856,0.00317406,0.00335818,0.5,0
0.5,0.5,0.65,0.54,0.005,0.95,0.0381222089097048,0.1,0.0944816,0.00052497,0.16954259,0.00479475,6.6e-07,0.00046434,1.194e-05,0.07589221,0.00423319,5.374e-05,0.28988823,0.00037307,0.11052068,0.00308455,0.00032744,0.00029882,1.7e-05,0.23988896,0.00271164,0.0028896,0.499999999999998,0
0.5,0.5,0.7,0.52,0.005,0.95,0.0319693094629156,0.1,0.08180794,0.00031097,0.14627451,0.003227,2.6e-07,0.00027335,5.26e-06,0.06524228,0.00283158,2.685e-05,0.31918135,0.00025578,0.10954467,0.00238365,0.00022239,0.00020199,1.299e-05,0.263875,0.00209122,0.00223094,0.500000000000001,0
0.5,0.5,0.75,0.5,0.005,0.95,0.025974025974026,0.1,0.06769943,0.00015586,0.12287604,0.00184635,7e-08,0.00013862,1.71e-06,0.05563256,0.00163943,9.93e-06,0.34688736,0.00014833,0.10541388,0.0015613,0.00012859,0.00011727,8.43e-06,0.29287042,0.00139198,0.00147242,0.499999999999996,0
0.5,0.5,0.8,0.48,0.005,0.95,0.0201938610662359,0.1,0.05229906,5.527e-05,0.09920328,0.00075424,1e-08,5.117e-05,2.9e-07,0.04693752,0.0006972,1.94e-06,0.370451,6.098e-05,0.09729681,0.00072861,5.326e-05,4.946e-05,3.91e-06,0.32997488,0.00067915,0.00070193,0.499999999999999,0
0.5,0.5,0.85,0.46,0.005,0.95,0.0146756677428823,0.1,0.03776999,1.508e-05,0.07479631,0.00023453,0,1.45e-05,3e-08,0.03694411,0.00022524,2.2e-07,0.39527841,1.932e-05,0.08377574,0.00025856,1.697e-05,1.6e-05,1.38e-06,0.37012771,0.00025155,0.00025437,0.499999999999996,0
0.5,0.5,0.9,0.44,0.005,0.95,0.0094553706505295,0.1,0.02465352,4.3e-06,0.04994971,7.546e-05,0,4.21e-06,0,0.02523907,7.37e-05,3e-08,0.42635965,6.41e-06,0.06385963,9.492e-05,5.6e-06,5.3e-06,5e-07,0.40947917,9.44e-05,9.441e-05,0.499999999999998,0
0.5,0.5,0,0.8,0.005,0.925,0.1,0.1,0.24895231,0.0008747,0.49857651,0.00089191,7.7e-07,0.0008758,1.57e-06,0.24893508,0.00089056,8e-07,0,0,0,0,0,0,0,0,0,0,0.5,0
0.5,0.5,0.05,0.78,0.005,0.925,0.0978473581213307,0.1,0.23693012,0.00023584,0.47482114,0.00026725,6e-08,0.00023624,1.3e-07,0.23724218,0.00026697,8e-08,0.01941355,6.56e-06,0.01242351,6.92e-06,6.31e-06,6.12e-06,7e-08,0.0181235,6.69e-06,6.77e-06,0.499999999999999,0
0.5,0.5,0.1,0.76,0.005,0.925,0.0951776649746193,0.1,0.22438983,0.00011627,0.45003498,0.00015172,2e-08,0.00011651,4e-08,0.22503898,0.00015163,3e-08,0.03890326,6.77e-06,0.02467324,8.24e-06,6.51e-06,6.33e-06,7e-08,0.03637953,7.97e-06,8.07e-06,0.499999999999999,0
0.5,0.5,0.15,0.74,0.005,0.925,0.0919813872957472,0.1,0.21175739,7.279e-05,0.42509537,0.00011299,1e-08,7.298e-05,2e-08,0.21277545,0.00011298,1e-08,0.0584837,6.67e-06,0.03666768,9.65e-06,6.41e-06,6.23e-06,8e-08,0.05480075,9.35e-06,9.46e-06,0.5,0
0.5,0.5,0.2,0.72,0.005,0.925,0.088261253309797,0.1,0.19910861,4.408e-05,0.40013129,8.373e-05,0,4.421e-05,1e-08,0.20050428,8.378e-05,1e-08,0.07819108,5.66e-06,0.04832564,1.002e-05,5.44e-06,5.29e-06,8e-08,0.07343724,9.72e-06,9.83e-06,0.500000000000001,0
0.5,0.5,0.25,0.7,0.005,0.925,0.0840336134453782,0.1,0.18643955,3.357e-05,0.37512555,7.782e-05,0,3.369e-05,1e-08,0.18821189,7.791e-05,1e-08,0.09806246,5.67e-06,0.05954455,1.224e-05,5.44e-06,5.3e-06,9e-08,0.09234033,1.19e-05,1.203e-05,0.500000000000001,0
0.5,0.5,0.3,0.68,0.005,0.925,0.0793291024478695,0.1,0.17378641,2.646e-05,0.35011317,7.534e-05,0,2.657e-05,1e-08,0.17589656,7.548e-05,1e-08,0.11815787,5.66e-06,0.07021077,1.497e-05,5.41e-06,5.28e-06,1e-07,0.11157063,1.46e-05,1.473e-05,0.500000000000001,0
0.5,0.5,0.35,0.66,0.005,0.925,0.0741924437849561,0.1,0.16116863,1.823e-05,0.32511149,6.382e-05,0,1.831e-05,0,0.16355556,6.396e-05,1e-08,0.13855185,4.8e-06,0.08019016,1.559e-05,4.59e-06,4.47e-06,1e-07,0.13119782,1.525e-05,1.537e-05,0.5,0
0.5,0.5,0.4,0.64,0.005,0.925,0.0686813186813187,0.1,0.14855918,6.82e-06,0.30013714,2.86e-05,0,6.85e-06,0,0.15123272,2.868e-05,0,0.15930953,2.17e-06,0.08932625,8.43e-06,2.07e-06,2.02e-06,5e-08,0.15133288,8.27e-06,8.32e-06,0.5,0
0.5,0.5,0.45,0.62,0.005,0.925,0.0628643273516973,0.1,0.13594789,2.29e-06,0.27513858,1.128e-05,0,2.3e-06,0,0.13888636,1.131e-05,0,0.18051203,8.7e-07,0.09741233,3.95e-06,8.3e-07,8.1e-07,2e-08,0.17206135,3.89e-06,3.91e-06,0.500000000000001,0
0.5,0.5,0.5,0.6,0.005,0.925,0.0568181818181818,0.1,0.12333731,7e-07,0.25012848,3.1e-06,0,7e-07,0,0.12652661,3.11e-06,0,0.20226116,3.1e-07,0.10421876,1.28e-06,3e-07,2.9e-07,1e-08,0.19351538,1.26e-06,1.27e-06,0.5,0
0.5,0.5,0.55,0.58,0.005,0.925,0.05062436719541,0.1,0.11074089,5.4e-07,0.2251099,2.61e-06,0,5.4e-07,0,0.11414291,2.62e-06,0,0.22468988,2.8e-07,0.10946844,1.26e-06,2.7e-07,2.6e-07,1e-08,0.21583712,1.24e-06,1.25e-06,0.499999999999999,0
0.5,0.5,0.6,0.56,0.005,0.925,0.0443655723158829,0.1,0.09817846,3.8e-07,0.20009245,1.85e-06,0,3.8e-07,0,0.10172463,1.86e-06,0,0.2479706,2.3e-07,0.1128327,1.03e-06,2.2e-07,2.1e-07,1e-08,0.23919295,1.03e-06,1.03e-06,0.5,0
0.5,0.5,0.65,0.54,0.005,0.925,0.0381222089097048,0.1,0.08565948,3e-07,0.17507552,1.49e-06,0,3e-07,0,0.08926142,1.5e-06,0,0.27230358,2.1e-07,0.11391172,9.6e-07,2e-07,1.9e-07,1e-08,0.26378122,9.6e-07,9.6e-07,0.499999999999998,0
0.5,0.5,0.7,0.52,0.005,0.925,0.0319693094629156,0.1,0.07319223,1.7e-07,0.15006014,7.5e-07,0,1.7e-07,0,0.07674579,7.6e-07,0,0.29793011,1.4e-07,0.11222327,5.6e-07,1.3e-07,1.3e-07,0,0.28984455,5.6e-07,5.6e-07,0.500000000000001,0
0.5,0.5,0.75,0.5,0.005,0.925,0.025974025974026,0.1,0.06078571,1.1e-07,0.12504533,6.8e-07,0,1.1e-07,0,0.06416739,6.8e-07,0,0.3251461,1e-07,0.10718065,5.8e-07,1e-07,1e-07,0,0.31767122,5.8e-07,5.8e-07,0.499999999999996,0
0.5,0.5,0.8,0.48,0.005,0.925,0.0201938610662359,0.1,0.04844283,9.7e-07,0.10001828,1.34e-05,0,9.8e-07,0,0.05151004,1.349e-05,0,0.35430003,1.09e-06,0.09805794,1.304e-05,9.9e-07,9.6e-07,7e-08,0.34759955,1.323e-05,1.31e-05,0.499999999999999,0
0.5,0.5,0.85,0.46,0.005,0.925,0.0146756677428823,0.1,0.03612567,3.2e-07,0.07501404,4.36e-06,0,3.2e-07,0,0.03885091,4.39e-06,0,0.38549948,4.1e-07,0.08400847,4.85e-06,3.7e-07,3.6e-07,3e-08,0.3804762,4.95e-06,4.89e-06,0.499999999999996,0
0.5,0.5,0.9,0.44,0.005,0.925,0.0094553706505295,0.1,0.02392171,6e-08,0.05000683,3.2e-07,0,6e-08,0,0.02607071,3.2e-07,0,0.41944001,9e-08,0.06392973,4.1e-07,8e-08,8e-08,0,0.41662879,4.1e-07,4.1e-07,0.499999999999998,0
0.5,0.5,0,0.8,0.005,0.9,0.1,0.1,0.24908122,0.00074587,0.49883943,0.00075839,5.6e-07,0.00074683,1.14e-06,0.24906873,0.00075726,5.8e-07,0,0,0,0,0,0,0,0,0,0,0.5,0
0.5,0.5,0.05,0.78,0.005,0.9,0.0978473581213307,0.1,0.23700574,0.00016805,0.47496629,0.00019006,3e-08,0.00016834,7e-08,0.23731151,0.00018987,4e-08,0.01941766,4.67e-06,0.01242727,4.92e-06,4.49e-06,4.36e-06,5e-08,0.01812699,4.76e-06,4.82e-06,0.499999999999999,0
0.5,0.5,0.1,0.76,0.005,0.9,0.0951776649746193,0.1,0.22443945,7.728e-05,0.45012549,0.00010031,1e-08,7.744e-05,2e-08,0.22507974,0.00010025,1e-08,0.03890892,4.5e-06,0.02467812,5.45e-06,4.33e-06,4.21e-06,5e-08,0.03638382,5.27e-06,5.33e-06,0.499999999999999,0
0.5,0.5,0.15,0.74,0.005,0.9,0.0919813872957472,0.1,0.21179872,4.55e-05,0.42516455,7.121e-05,0,4.562e-05,1e-08,0.21280318,7.121e-05,1e-08,0.05849112,4.17e-06,0.03667349,6.09e-06,4.01e-06,3.9e-06,5e-08,0.05480531,5.9e-06,5.97e-06,0.5,0
0.5,0.5,0.2,0.72,0.005,0.9,0.088261253309797,0.1,0.19915035,2.648e-05,0.40018298,4.976e-05,0,2.656e-05,0,0.20051405,4.979e-05,0,0.07820161,3.4e-06,0.04833161,5.96e-06,3.27e-06,3.18e-06,5e-08,0.0734393,5.78e-06,5.85e-06,0.500000000000001,0
0.5,0.5,0.25,0.7,0.005,0.9,0.0840336134453782,0.1,0.18650931,1.908e-05,0.37517438,4.378e-05,0,1.915e-05,0,0.18819049,4.382e-05,0,0.09808584,3.23e-06,0.05955169,6.89e-06,3.09e-06,3.01e-06,5e-08,0.09233274,6.7e-06,6.77e-06,0.500000000000001,0
0.5,0.5,0.3,0.68,0.005,0.9,0.0793291024478695,0.1,0.1738896,6.82e-06,0.35018953,1.916e-05,0,6.84e-06,0,0.17586886,1.918e-05,0,0.11820207,1.46e-06,0.07022483,3.81e-06,1.4e-06,1.36e-06,3e-08,0.11155759,3.71e-06,3.75e-06,0.500000000000001,0
0.5,0.5,0.35,0.66,0.005,0.9,0.0741924437849561,0.1,0.16124548,1.45e-06,0.32518796,4.57e-06,0,1.45e-06,0,0.16355451,4.58e-06,0,0.13859267,3.8e-07,0.08020762,1.12e-06,3.6e-07,3.6e-07,1e-08,0.13119529,1.09e-06,1.1e-06,0.5,0
0.5,0.5,0.4,0.64,0.005,0.9,0.0686813186813187,0.1,0.14859409,5.6e-07,0.30017084,1.41e-06,0,5.6e-07,0,0.15123114,1.41e-06,0,0.15933227,1.8e-07,0.08933544,4.2e-07,1.7e-07,1.7e-07,0,0.15133054,4.1e-07,4.1e-07,0.5,0
0.5,0.5,0.45,0.62,0.005,0.9,0.0628643273516973,0.1,0.13595322,3.9e-07,0.27515066,1.12e-06,0,3.9e-07,0,0.13889311,1.12e-06,0,0.18051597,1.5e-07,0.09741631,3.9e-07,1.4e-07,1.4e-07,0,0.17206613,3.9e-07,3.9e-07,0.500000000000001,0
0.5,0.5,0.5,0.6,0.005,0.9,0.0568181818181818,0.1,0.12333739,3.3e-07,0.25013099,9.5e-07,0,3.3e-07,0,0.12652907,9.5e-07,0,0.20226108,1.5e-07,0.10421973,3.9e-07,1.4e-07,1.4e-07,0,0.1935176,3.9e-07,3.9e-07,0.5,0
0.5,0.5,0.55,0.58,0.005,0.9,0.05062436719541,0.1,0.11074117,2.6e-07,0.22511196,8.3e-07,0,2.6e-07,0,0.1141447,8.3e-07,0,0.22469003,1.3e-07,0.10946936,4e-07,1.3e-07,1.3e-07,0,0.21583903,4e-07,4e-07,0.499999999999999,0
0.5,0.5,0.6,0.56,0.005,0.9,0.0443655723158829,0.1,0.09817573,2.2e-07,0.20009366,7.5e-07,0,2.2e-07,0,0.10172868,7.5e-07,0,0.24796628,1.3e-07,0.11283336,4.2e-07,1.3e-07,1.2e-07,0,0.23919873,4.2e-07,4.2e-07,0.5,0
0.5,0.5,0.65,0.54,0.005,0.9,0.0381222089097048,0.1,0.08565685,1.5e-07,0.17507653,5.7e-07,0,1.5e-07,0,0.08926519,5.7e-07,0,0.27229839,1e-07,0.11391235,3.7e-07,1e-07,1e-07,0,0.26378786,3.7e-07,3.7e-07,0.499999999999998,0
0.5,0.5,0.7,0.52,0.005,0.9,0.0319693094629156,0.1,0.07318975,1e-07,0.15006054,3.6e-07,0,1e-07,0,0.0767488,3.6e-07,0,0.29792409,8e-08,0.11222357,2.7e-07,8e-08,8e-08,0,0.28985131,2.7e-07,2.7e-07,0.500000000000001,0
0.5,0.5,0.75,0.5,0.005,0.9,0.025974025974026,0.1,0.06065098,1.1e-07,0.1250418,3.6e-07,0,1.1e-07,0,0.06430629,3.6e-07,0,0.3247362,1e-07,0.10717979,3.1e-07,1e-07,1e-07,0,0.3180828,3.1e-07,3.1e-07,0.499999999999996,0
0.5,0.5,0.8,0.48,0.005,0.9,0.0201938610662359,0.1,0.04832524,7e-08,0.10002839,2.1e-07,0,7e-08,0,0.05164582,2.1e-07,0,0.3538096,7e-08,0.09806797,2.1e-07,7e-08,7e-08,0,0.3481216,2.1e-07,2.1e-07,0.499999999999999,0
0.5,0.5,0.85,0.46,0.005,0.9,0.0146756677428823,0.1,0.03607756,7e-08,0.07501654,2.3e-07,0,7e-08,0,0.03890532,2.3e-07,0,0.38521516,9e-08,0.08401135,2.6e-07,8e-08,8e-08,0,0.38077247,2.6e-07,2.6e-07,0.499999999999996,0
0.5,0.5,0.9,0.44,0.005,0.9,0.0094553706505295,0.1,0.02391856,6e-08,0.05000684,1.7e-07,0,6e-08,0,0.02607415,1.7e-07,0,0.41941062,8e-08,0.06392975,2.2e-07,8e-08,8e-08,0,0.41665874,2.2e-07,2.2e-07,0.499999999999998,0
